# dynamic_c=1_k=2_n=500_b=-0.08_p=0.9
#
# N1	aoic	stdev
0	-1.04734	0.000157152
5	-1.0391	0.000270761
10	-1.03054	0.000380306
15	-1.02155	0.000562027
20	-1.01198	0.000900771
25	-0.987017	0.165788
30	-0.97258	0.165006
35	-0.914773	0.280101
40	-0.781627	0.446151
45	-0.622336	0.623204
50	-0.357659	0.805515
55	-0.206436	0.853534
60	0.201237	0.892349
65	0.522325	0.795201
70	0.707553	0.672374
75	0.889702	0.468366
80	0.985445	0.278906
85	1.0151	0.188633
90	1.03581	0.0895585
95	1.04468	0.000410028
100	1.0486	0.000416688
105	1.05252	0.000423016
110	1.05642	0.000427627
115	1.0603	0.000422951
120	1.06414	0.000405649
125	1.06799	0.000445503
130	1.0718	0.000445637
135	1.07561	0.000435782
140	1.07939	0.000441007
145	1.08317	0.000424819
150	1.08692	0.000443752
155	1.09066	0.00044586
160	1.09436	0.000422995
165	1.09806	0.000426316
170	1.10175	0.000443995
175	1.10541	0.0004326
180	1.10907	0.000429673
185	1.11271	0.000435311
190	1.11634	0.000415851
195	1.11996	0.000411935
200	1.12355	0.000437977
205	1.12714	0.000422273
210	1.13072	0.000442865
215	1.13427	0.000418442
220	1.1378	0.000432381
225	1.14132	0.00040714
230	1.1448	0.00041163
235	1.14834	0.000411205
240	1.15181	0.000415124
245	1.15527	0.000408374
250	1.15873	0.000402678
255	1.1622	0.000416394
260	1.16564	0.000399897
265	1.16905	0.000401189
270	1.17248	0.000385753
275	1.17587	0.000403415
280	1.17923	0.000393839
285	1.18261	0.000383116
290	1.18599	0.000373814
295	1.18935	0.000381268
300	1.19266	0.0003737
